61457 79284 
81629 22712 
65091 17382 
36589 36797 
39650 23303 
21565 12115 
13733 20399 
10456 17458 
6725 9831 
81405 82830 
10299 5557 
82299 12325 
23693 47435 
44052 78918 
63096 4088 
63092 64288 63507 46766 71652 71653 
11389 41056 
19393 8771 
8869 1285 
50162 49083 
70743 52248 
10587 30170 
62785 78774 
84303 67277 
51066 33741 
51060 49299 
37044 44617 
41656 7953 
51286 37787 
59092 35354 
77512 31391 
75933 75991 50901 
78535 57737 78722 
10204 32338 
25342 17751 
3339 72417 
77686 80886 
11283 67866 
13602 13601 
43292 10721 
42382 32447 
20362 24340 
80122 42135 
34156 21795 
17443 31094 7619 
83936 15887 16375 
74490 12279 
5856 76672 71431 
65652 24199 
84232 15070 
10877 80849 
44048 64777 53975 
36285 31367 
51768 41265 
68325 34655 68366 
78748 78747 
81838 65300 
4789 4796 
56051 40958 
78740 53865 52091 52636 
67311 24701 
83154 30067 
37986 58100 
14324 14323 
18529 20903 
41727 1652 
44992 42795 
75700 50529 
14590 23129 
35990 78124 
14758 19287 
72793 21822 
43695 19519 
3024 10010 
12010 16433 
43050 72905 
15584 14465 
46000 19850 
79040 80776 8599 
52137 43477 
31551 51323 
8757 56580 
12592 12776 62440 
8049 8825 
445 22026 
9251 17819 
38828 75120 
58907 55944 
8129 9280 38551 
59277 59296 
50198 27863 
14120 36394 
19755 19756 
70064 9431 
50819 48419 
26615 56937 1195 
70143 79946 
56291 951 
28719 57308 
1240 77833 
42229 31027 27173 
20822 66152 
28326 12344 12341 
79619 85436 
80111 55599 
64538 83009 
80116 33649 
45441 10723 
14033 14518 
3809 5949 
28815 74671 
73117 77581 
26532 51957 
23249 38725 
46861 54471 
58076 56959 
17720 16468 26366 
22879 22880 
5131 82127 
24757 10185 
73593 42490 
73594 20732 
8947 74539 
48990 14389 
32970 82315 
12564 5118 
24596 39610 
6203 29601 
36927 27548 
2687 10322 34760 
81284 35692 
35476 79809 
32611 70481 
10563 50724 
49946 76652 
62887 5125 
74694 68517 34985 
14144 71538 
22289 15091 
30410 19120 
81479 54265 
69928 52761 
13768 18911 
64837 83206 
22035 14713 
38177 25539 
77938 25080 
83900 59623 
65112 16873 
65113 7627 
27139 25000 
9944 40836 
24629 73930 
65134 13002 
19751 13433 
32721 50287 
32051 54630 
19374 15545 
68913 42535 
12050 79668 
12948 38347 
33690 41623 
58322 73897 
28445 62904 
14689 28486 
24234 14335 
9793 54719 
58693 18573 
21259 3066 
30206 28596 
64731 59047 76481 
67108 26111 
79162 35262 
147 14714 
29587 79186 
29580 12034 
13940 13384 
9113 62855 
46615 1109 
47211 80506 
69147 68725 
72634 20364 53805 2457 
12287 56254 
79911 70067 
67694 22633 
76086 39821 
4462 70259 
27611 7957 
17662 56910 19735 17664 
14764 14763 
59038 65157 
85478 50669 
75482 24561 
65871 11114 
67285 23666 
49000 9148 
72129 32522 18063 
85276 28387 
17783 18515 
71812 68563 
57328 76055 
1301 1357 
62935 14799 
85499 84384 50319 
64268 68604 
22838 44570 
22930 13706 
21270 21668 
75098 45940 
8543 79951 
9163 6398 
61664 45593 
2741 70364 
71481 27243 
75391 47486 
27687 6262 53836 
56956 79341 56872 
50822 33795 
66505 5849 
53955 22524 
53959 34784 
12275 14244 
58963 41157 
22570 44219 
74714 433 
61444 58864 
18567 17641 14745 
59860 26304 
1954 77279 
52812 41951 
22678 5065 
21579 18405 
70686 52835 75464 26196 
29209 69587 
53650 83791 
52955 56002 
46839 31920 
12533 24036 
47828 41089 
15211 55737 
18966 71360 
7316 7318 
82753 84117 
39705 10983 
41468 36661 
12666 66770 
62837 28422 
8970 61227 
51074 44400 3736 
65012 56662 15974 
12634 23746 
52259 69993 
73274 82567 
60884 6231 
41648 28413 
70349 56968 
65260 39115 
16996 66743 
84528 73482 70317 
12663 68292 
44188 22381 63769 3709 76053 22377 
41520 41519 
17905 8280 
27822 41635 11946 
29448 55819 
59765 74632 
1716 39153 
790 3738 
10879 44331 
10878 21818 
10870 50109 
74488 12195 
74489 31010 
65868 53035 
10876 45255 
5946 4726 
19517 20924 
67368 13723 
1813 6544 
580 70764 
53171 20151 
40216 43045 
82808 416 
83000 14002 
39757 14179 
54237 44343 
14332 81893 
10790 67016 
18391 23831 
15132 3980 
41527 35364 
54146 69836 
80090 52663 
62058 8074 50597 
26144 32712 
20224 18071 
31645 10037 
24363 69073 
12000 51227 
43681 10576 
17300 20025 
29439 10064 
81182 23863 
73377 52411 
40283 40284 
26220 80576 
29922 57469 
17436 16932 
34045 25139 
20737 26549 
4328 2495 
10650 75454 
79105 74466 
85195 70908 
30386 33082 
1873 64322 
14162 72164 23874 
39613 71844 
83688 54718 
59282 62545 
38254 71117 
38397 25942 
3694 79792 
11012 39576 
67891 19958 
3940 38419 
47253 76988 33757 
81767 75162 
39649 33506 
21936 12199 12197 
21661 61365 
72675 45652 
18029 21899 
34580 15128 
66750 20948 
45307 24798 
62282 34062 
48388 52619 
83866 10537 
34606 24721 
49701 66040 
61717 27802 
12572 19127 
12573 53481 
48259 61502 
9979 14213 
22338 47678 84721 
48250 32131 
74244 78147 
61475 46744 
45004 8183 
19080 23663 
22447 32516 7752 
62657 14023 
15700 36224 
44021 4247 
61577 52804 
15872 22328 
56496 30115 10018 
9051 6574 
23428 24067 
22526 15777 
61085 61087 28919 
58200 44459 43478 
23420 52960 
12612 28356 
18930 57141 
43258 79768 
82666 14661 
18493 18483 
64684 78913 
3973 71495 
20497 56326 
19425 12810 24758 
14805 18978 
9892 47097 
68190 39727 
19742 21024 
44994 41444 
51322 18664 
39116 46523 
12954 67612 
64793 28820 
19253 20802 
32731 13168 
71742 29519 
78555 65456 
43482 59797 
12042 67602 
79380 18546 
70907 68083 
80810 79350 
3059 79833 
55964 22403 
32461 10853 
40084 54141 
41677 16055 
42657 35465 
43552 49018 
16183 53887 
12684 12637 14911 
23906 19361 
82569 41405 
5440 15510 
33995 79247 9871 
37763 38051 
40811 27324 
11084 80580 
27355 32809 
6961 84561 
21640 21928 
15454 29499 
4306 75851 13622 
40550 23213 
25269 60296 
81816 61071 
9476 2496 
53160 3229 
47201 79148 40442 9404 79769 
40795 9749 
21081 61775 15433 
44937 2490 
50365 23239 9628 
38999 15486 
29983 33706 
8785 3813 
693 21359 
47684 76247 
24256 63588 
26703 17888 
77845 59882 
61876 10526 
64151 16713 
43963 52748 
19574 13522 73452 8206 
75798 13083 
76008 22507 
29979 5478 
64096 67565 
77649 39646 
46933 7092 
13844 13846 
73662 54594 
27720 84594 
58326 47231 
72494 59947 
60757 60759 
7565 80730 
79986 39565 
15296 3688 
17404 80894 
66977 65549 
49622 8938 
12821 12820 
59317 57554 
42198 70154 
16970 7876 
81203 81154 
16976 19704 
5614 8847 
11932 73503 
18089 2246 
67472 57852 
64314 2375 
81034 1909 
922 76781 
45500 16688 34521 
13496 3608 
42200 23466 
12265 79549 25536 9175 
49995 9226 
72565 43771 
58873 82570 
35214 9521 
41402 14752 
18470 46045 
66496 14224 
79729 17597 
20747 12025 
69866 24368 
72760 9023 
8324 63079 
53623 52032 
23302 81763 
36997 78815 
58481 14964 
18872 8910 85306 
38521 28458 
35808 12712 
84329 3306 
52682 13885 
78336 4056 
17499 15023 
85137 75522 
55423 7721 
58803 66373 
20594 15846 
74416 26856 
44743 67703 
60828 81423 
43859 4223 
44562 57735 
15734 30530 
35383 1616 
67082 58800 
55554 39744 
68782 6714 
5327 30055 
48164 32593 
73369 57867 
14239 13920 
38063 70341 
12722 16657 
12721 74347 
34928 12658 
77428 71077 
27253 70668 
26308 85638 
1729 65168 
76406 60495 
13662 21533 
63345 22696 
41538 20552 
26301 69892 
65676 79622 
9216 65757 
51212 26779 
62699 72054 
56101 58921 
60006 17285 
75357 13924 
78562 39618 
57276 22803 
35307 37386 
20189 84125 
46462 36736 
74454 73249 
24216 24214 
18290 70787 
7657 11128 
60245 60247 77768 
35012 33810 
12039 71243 
16509 76841 
24353 6890 
42039 52489 
31654 9050 
16507 9706 
64610 80009 
33574 62266 
22142 22766 
56607 51592 
29425 32068 19613 
76044 78006 
34066 45947 
76731 57653 
46366 54682 
10319 79306 
13960 61754 
72950 14054 
23138 13828 
53190 76436 
67424 13884 
61570 29013 
9500 37577 
65111 62329 78914 
79564 29905 
59357 58019 
27739 83081 
9452 29444 
27639 36672 
21512 6175 
16839 66329 
59196 63341 33471 
58501 14232 
13452 21453 
23006 20229 
69720 25880 
67336 13543 
35102 63056 
35106 63600 
72843 22736 
49893 40075 
63448 85604 
9613 24404 
48627 35850 
31324 7959 
14016 76229 
22357 22352 
14014 13882 
15267 16397 
15264 18950 
48872 68559 
20659 63544 
49246 9807 
21519 12553 
83853 10177 
63641 25584 
75178 9828 4002 83509 67437 
67734 69473 
79840 5744 
45795 1416 
12466 12964 
22950 21530 
19133 18986 
79344 69152 
61318 52737 
2036 71582 75187 
42149 20294 
1553 54015 
47741 10953 
66118 75324 
61467 29943 
20381 53539 
27890 10608 
82281 20162 
72436 64753 
4798 69471 4797 
72539 20983 
29346 68623 
9041 61955 
35651 35938 
9045 26690 64832 
23144 4639 
9294 43300 
13078 16941 
24073 23399 
13179 49363 
73523 3772 
54571 45897 
71608 55768 
83453 21349 
18438 21308 
12126 12117 
48478 208 
68185 51154 
16604 3594 
83339 12906 
37290 39574 
22720 23572 
79981 9785 
19547 20735 
25176 55589 
62637 15786 
80827 674 
13729 13030 
26189 82075 
14266 18845 
54492 75024 17440 
43405 12539 
62330 41133 
18051 12613 
69388 13380 
6644 30859 
18799 15895 
27417 42061 
10812 49370 
10958 10295 
22899 77811 
10816 63695 
54757 52174 
14132 14130 
55596 3823 
52205 52148 
51672 10320 
19424 6282 
65566 50679 9361 19079 
16463 23585 
61154 27365 
78633 62261 
49050 77047 
78937 37727 
51327 56301 
65404 13838 
15500 5638 
17392 81153 
20812 68428 4601 
60104 17903 
2551 41343 
6013 80175 
17994 13599 
14747 17473 
81735 24296 
42365 56509 
15692 24742 
40588 81347 
50277 44520 
34313 83328 
71775 73294 
30614 72582 
76074 33092 41137 
30611 38845 
67767 67829 
22895 22896 
51350 64139 
27937 80726 
22948 4571 
39839 45003 
46556 62703 
6907 78590 
8529 10690 
12424 14615 
15346 12076 
48830 2611 
9992 50230 21223 
34534 48313 
78559 22400 24447 
1859 4282 
36757 6405 
26606 12196 
3840 80068 719 
9326 57365 
16208 40762 
43610 14912 
50776 50775 
66569 20392 
22654 2405 
7736 14368 35302 
4960 81052 
9726 31451 
71302 56191 
10136 51858 
49473 62965 
54548 46103 
18466 16114 
58902 56386 
22220 61831 
9728 7971 
61032 7512 
58082 1552 
72772 3122 
84292 27743 
47014 33791 
39729 12707 
41462 75293 
45282 42051 
12455 3773 29776 24255 
22063 22064 
82134 74285 
71316 60860 15655 
21755 12944 
35098 14851 
48842 16721 
23381 35289 
29064 29065 
51580 9674 
80344 8590 
60322 58294 
62181 30214 
71131 75169 
54090 78592 
73428 73457 
51901 439 
80909 54768 
81566 22774 
6608 23900 
65191 20815 
72837 8754 
82641 13569 
24002 46474 
65293 85579 
59130 27807 
19297 7641 
10998 2134 
23810 62956 
55930 11992 
13677 68992 
13675 13416 
12236 57023 
13041 14371 
82091 61677 
78350 53585 
59998 36888 
16735 1350 
58348 64897 
63973 76465 
82866 9017 
22045 12316 
22044 22909 
78987 31327 3603 
41750 67567 55458 
56188 20800 
22049 24258 
27569 67575 
77648 50999 
20065 16362 
78683 20641 
27448 68266 
74595 6088 1311 
64743 14026 
1744 34666 
8686 79237 
34211 7965 
69037 12378 
60782 41681 
9455 62240 
9456 54660 
8072 31435 
63313 14286 14125 
8077 54752 
25562 56583 
37866 45463 
74363 64842 
77697 5948 
47581 18190 
25569 20906 
17510 79381 
57556 71996 
74165 47524 
42251 26752 
74208 1292 
6808 12021 
50307 76040 
14554 14824 
81666 14730 22358 
29077 82527 
20359 19674 39109 
78776 83449 
47670 34108 48864 
46778 71589 77211 
80241 83703 9107 
76199 77271 
74738 6404 
1449 67461 78315 
85542 12686 
20147 1375 
11037 39794 
22610 58801 
22347 33998 
58125 81676 
81058 73994 
84097 73264 12073 
45325 45594 
7945 10186 
7946 39397 
7947 80471 
66990 1895 
27191 24734 
46913 10081 
8007 10130 
52569 36080 
34667 45201 
16780 80971 
16855 33565 
18123 80138 
75969 34275 37390 
42170 66531 
56948 14724 
80381 28306 
50787 9978 
81011 6967 
10947 69453 
33764 45329 
47759 9025 
