19393  8771  0.914708962363
83853  10177  0.943966551792
12010  16433  0.979435245312
9251  17819  0.962001273629
45441  10723  0.954689183737
46861  54471  0.940344910179
12592  12776  0.972417410287
12592  62440  0.875327509293
27611  7957  0.896457411613
59038  65157  0.936777091259
29922  57469  0.841355341631
8543  79951  0.863594692536
66505  5849  0.800257732358
52812  41951  0.928804708114
65260  39115  0.712401782882
21936  12199  0.761896540924
21936  12197  0.865409307634
22220  61831  0.81452650239
27569  67575  0.843986217343
7565  80730  0.70554924709
35214  9521  0.848860219168
43859  4223  0.723167782975
61475  46744  0.813063122271
71775  73294  0.908150535542
58076  56959  0.712241247815
48164  32593  0.738300794117
60782  41681  0.861514343901
7945  10186  0.916641078163
7946  39397  0.883420908292
7947  80471  0.728112815101
42170  66531  0.809590665432
8869  1285  0.856496681952
62785  78774  0.9384232328
30410  19120  0.871082225663
61664  45593  0.707074459582
32051  54630  0.861149601221
75098  45940  0.873119243191
53955  22524  0.795444208746
53959  34784  0.855363422957
18567  17641  0.931540181127
18567  14745  0.924527789786
27822  41635  0.725543744379
27822  11946  0.782106696308
65293  85579  0.705629582653
15132  3980  0.970618350296
34045  25139  0.739120316509
47253  76988  0.728817334394
47253  33757  0.877410422612
41402  14752  0.824872178849
19742  21024  0.901995665089
75178  9828  0.747582645763
75178  4002  0.709035354974
75178  83509  0.830101421263
75178  67437  0.754392397163
81816  61071  0.705548095251
1729  65168  0.700521535376
9455  62240  0.799373042691
9456  54660  0.836671011803
9452  29444  0.884654399088
63345  22696  0.758654172737
48872  68559  0.756932928523
21519  12553  0.786532543128
12466  12964  0.962211333101
82281  20162  0.738682244536
62699  72054  0.822329506958
81666  14730  0.777570821828
81666  22358  0.757581858261
2551  41343  0.800160414747
46556  62703  0.936792059319
78350  53585  0.792523406329
78683  20641  0.78432336214
50307  76040  0.719930727506
1449  67461  0.760021672674
1449  78315  0.864439286386
22347  33998  0.867689886288
30611  38845  0.74468838331
74244  78147  0.717217971322
72843  22736  0.786241561968
42149  20294  0.717917407943
14144  71538  0.803278434251
65676  79622  0.890285355764
78535  57737  0.80962717609
78535  78722  0.894886134133
17436  16932  0.962866623704
45307  24798  0.7778788422
29983  33706  0.788558231939
69720  25880  0.85044433967
64538  83009  0.834010946148
22950  21530  0.97677546177
2741  70364  0.771867477352
51074  44400  0.803257792828
51074  3736  0.797224871302
27417  42061  0.864337713716
74165  47524  0.919578947713
84097  73264  0.769003991798
84097  12073  0.8652829361
39650  23303  0.72322979057
81479  54265  0.783238711147
9476  2496  0.744709807875
71481  27243  0.882724992654
14758  19287  0.974143298843
64731  59047  0.725340505958
64731  76481  0.727674683983
16996  66743  0.981229842274
9113  62855  0.897563136085
12287  56254  0.737928962826
10456  17458  0.942902916761
20359  19674  0.965294535725
20359  39109  0.848098605331
59282  62545  0.723771064229
4462  70259  0.741534285963
73662  54594  0.848298198394
22447  32516  0.714931913493
22447  7752  0.783749494239
49000  9148  0.912258580551
64268  68604  0.916498046805
36997  78815  0.811300835538
76044  78006  0.730040237059
59860  26304  0.712275057832
72436  64753  0.828584051536
73523  3772  0.752784982735
53650  83791  0.898338391325
60322  58294  0.796811101501
8970  61227  0.888843967089
41538  20552  0.764063738983
39757  14179  0.73788738378
61154  27365  0.712079126182
41750  67567  0.861525218494
41750  55458  0.806467657769
81405  82830  0.894441451972
65652  24199  0.859791259711
12126  12117  0.985682439113
9326  57365  0.814642365574
8947  74539  0.903803544724
49946  76652  0.721234951833
69147  68725  0.703998565184
74714  433  0.829553174936
26144  32712  0.849018325076
33995  79247  0.734989935975
33995  9871  0.940158827667
74454  73249  0.705731863646
42039  52489  0.721327183872
65868  53035  0.820618916124
42229  31027  0.835788322611
42229  27173  0.88519627455
82666  14661  0.804202071707
14266  18845  1.0
55964  22403  0.926894817257
65191  20815  0.74887619761
63096  4088  0.718217587008
63092  64288  0.744275669627
63092  63507  0.701253670804
63092  46766  0.880729368848
63092  71652  0.81023142208
63092  71653  0.718834430984
62935  14799  0.816507662588
10204  32338  0.936930939652
50198  27863  0.784681420627
28719  57308  0.888552056295
73117  77581  0.773497161851
35476  79809  0.724315999228
74694  68517  0.726121267665
74694  34985  0.874173030211
27139  25000  0.819448987653
64096  67565  0.882522681087
46933  7092  0.877172719713
23381  35289  0.758152368194
57328  76055  0.883971954163
81566  22774  0.895263916401
13677  68992  0.843520126135
30386  33082  0.891850486361
13675  13416  0.958998993663
35808  12712  0.944256832992
43552  49018  0.904552634506
50787  9978  0.955780594271
11932  73503  0.960915307694
61318  52737  0.756711570017
74208  1292  0.721461196546
25176  55589  0.878029836956
10812  49370  0.719670036987
10816  63695  0.74750089972
1859  4282  0.787242234672
43610  14912  0.806900009495
49473  62965  0.720573004339
78776  83449  0.885905099763
61457  79284  0.866358165845
75933  75991  0.7986080725
75933  50901  0.864956861171
51768  41265  0.871856484288
19517  20924  0.993544614878
71302  56191  0.72809874626
18029  21899  0.983325324431
82753  84117  0.714735285203
71316  60860  0.726713939949
71316  15655  0.778274555743
40811  27324  0.781313131957
8785  3813  0.837103821198
51212  26779  0.780557428502
9041  61955  0.874270389634
9045  26690  0.912842125136
9045  64832  0.831789477937
24073  23399  0.891839302308
72772  3122  0.737366003933
6608  23900  0.957712352764
83000  14002  0.782683503162
22045  12316  0.839261843268
22044  22909  0.990044034924
22049  24258  0.706889383683
41656  7953  0.86903760272
9944  40836  0.86601091581
65112  16873  0.924709944894
65113  7627  0.732777298544
65111  62329  0.834269073084
65111  78914  0.759707936829
72494  59947  0.911959432201
21579  18405  0.993195370474
46839  31920  0.731095827484
54146  69836  0.720403202415
62058  8074  0.809153698886
62058  50597  0.798844256086
20224  18071  0.781294477778
61085  61087  0.83792180808
61085  28919  0.811783415025
15734  30530  0.975185192829
73369  57867  0.788094083492
31654  9050  0.784474876756
58963  41157  0.705160772812
12948  38347  0.838857022565
6013  80175  0.701001065432
8007  10130  0.713940955023
790  3738  0.8525265635
65091  17382  0.796259651261
13602  13601  0.983454483927
5856  76672  0.907957763129
5856  71431  0.779622080798
43695  19519  0.754919534936
19574  13522  0.701662899764
19574  73452  0.835323756005
19574  8206  0.831153053798
29448  55819  0.888418148184
12236  57023  0.95080824473
58693  18573  0.84482479349
29587  79186  0.888373812282
29580  12034  0.727711982921
72129  32522  0.838105638899
72129  18063  0.854374161914
24363  69073  0.957911507098
47201  79148  0.810391083251
47201  40442  0.775680190526
47201  9404  0.856180766317
47201  79769  0.797895707291
83339  12906  0.893101499269
43050  72905  0.795054095109
15296  3688  0.985612558822
80827  674  0.794799721183
17994  13599  0.895851706162
12455  3773  0.721734610415
12455  29776  0.9809468047
12455  24255  0.836738791744
48842  16721  0.825985903552
77938  25080  0.894941909846
52569  36080  0.886478094909
40084  54141  0.900398256659
83900  59623  0.878121627087
26615  56937  0.902604694944
26615  1195  0.738751405052
24757  10185  0.865667952032
11037  39794  0.898029365707
147  14714  0.896365579664
85478  50669  0.749093029594
18966  71360  0.87443879858
38397  25942  0.856519669797
43681  10576  0.791687429441
12042  67602  0.716380840255
21640  21928  0.814866371406
17404  80894  0.701393709581
85137  75522  0.886875500105
44743  67703  0.75339744348
79981  9785  0.924166126505
79986  39565  0.831828115879
62657  14023  0.852787553309
9726  31451  0.926511412529
9728  7971  0.834773929474
52259  69993  0.838184933935
27448  68266  0.716023798609
29077  82527  0.855117776786
6725  9831  0.727959087958
50162  49083  0.735312286667
70143  79946  0.735943220219
14764  14763  0.969132561308
72950  14054  0.827740623892
65012  56662  0.703916527735
65012  15974  0.7059965723
17300  20025  0.963760722372
10650  75454  0.791355942252
49701  66040  0.841022289877
48259  61502  0.864104653979
48250  32131  0.747381666129
8324  63079  0.853365265574
26308  85638  0.74758554882
26301  69892  0.823316681321
75357  13924  0.826738831723
65566  50679  0.860110171142
65566  9361  0.878091647898
65566  19079  0.872644384032
27890  10608  0.754988339222
49050  77047  0.748735432246
28326  12344  0.948092987901
28326  12341  0.930171521646
16839  66329  0.805060042274
81735  24296  0.896038592018
76074  33092  0.803823923504
76074  41137  0.715651491831
85542  12686  0.736839619576
44048  64777  0.800842849318
44048  53975  0.795787849698
41727  1652  0.864984077069
8129  9280  0.72570731305
8129  38551  0.789845958864
69928  52761  0.774978906207
13768  18911  0.943992601205
29209  69587  0.777655612891
62837  28422  0.804199523673
42365  56509  0.863505186487
34580  15128  0.762782089109
61717  27802  0.77070682514
22338  47678  0.799658518841
22338  84721  0.813512015573
9892  47097  0.744761000266
18470  46045  0.897980789022
38063  70341  0.706733111107
8072  31435  0.703087236689
8077  54752  0.925798012231
46462  36736  0.835737876524
10136  51858  0.833661547877
80909  54768  0.782984834669
19374  15545  1.0
17720  16468  0.992373575427
17720  26366  0.813822458062
68913  42535  0.869817510372
72634  20364  0.716577125692
72634  53805  0.788770826877
72634  2457  0.734681992407
67694  22633  0.710431678341
73274  82567  0.719721049337
71608  55768  0.749698715729
18438  21308  0.95624004512
12572  19127  0.939219070549
12573  53481  0.870816614773
12722  16657  0.703806155464
12721  74347  0.739763074049
30614  72582  0.895555830956
19080  23663  0.85355727713
13452  21453  0.956789135382
20659  63544  0.847095481779
20381  53539  0.74373154185
54571  45897  0.922840577666
9992  50230  0.850422982959
9992  21223  0.732971143193
17662  56910  0.834219235794
17662  19735  0.7346509303
17662  17664  0.897048705241
82091  61677  0.780586838041
81011  6967  0.91176095378
3339  72417  0.762291380156
78748  78747  0.756281592874
78740  53865  0.898179984897
78740  52091  0.901307523887
78740  52636  0.927963902798
3809  5949  0.885168657676
73593  42490  0.725859527842
73594  20732  0.700405076719
24596  39610  0.702715245435
32611  70481  0.912885464327
22289  15091  0.996514956015
24629  73930  0.859569072963
85276  28387  0.842278017276
44992  42795  0.93905282524
70686  52835  0.741349425245
70686  75464  0.73795931994
70686  26196  0.771612205853
39705  10983  0.897994547915
14689  28486  0.807111737904
17905  8280  0.989413442283
43482  59797  0.797216206506
12684  12637  0.96093462495
12684  14911  0.994543096206
64151  16713  0.734895945652
49622  8938  0.919330282376
49995  9226  0.865952551808
35102  63056  0.755294894544
35106  63600  0.92818144636
27937  80726  0.866963739177
24002  46474  0.810827129175
37866  45463  0.877526625733
5131  82127  0.911088017288
21565  12115  0.920220865448
20497  56326  0.930022392435
14016  76229  0.70115733627
14014  13882  0.903344907164
29346  68623  0.882898981016
73428  73457  0.789582023283
19133  18986  0.900564575895
42251  26752  0.878671333246
84303  67277  0.912667876847
52205  52148  0.712714965873
28815  74671  0.807698834022
12564  5118  0.899888306651
39613  71844  0.850741266064
32731  13168  0.856822064967
56496  30115  0.784382430051
56496  10018  0.911347177872
78987  31327  0.746311234562
78987  3603  0.743966828389
27355  32809  0.805233182026
25269  60296  0.766613429627
18051  12613  0.957942725286
15267  16397  0.947812169219
43405  12539  0.870056522013
27191  24734  0.846647013684
35990  78124  0.921223585342
1744  34666  0.900005412072
10319  79306  0.767931486173
66990  1895  0.79959931957
44188  22381  0.786781036011
44188  63769  0.786575629749
44188  3709  0.721345309387
44188  76053  0.762385312881
44188  22377  0.863462266727
2687  10322  0.753395715493
2687  34760  0.713439086564
62887  5125  0.900949401543
49246  9807  0.926349335311
67108  26111  0.72176993405
74488  12195  0.724472084756
74489  31010  0.935601065986
83866  10537  0.789462661356
15872  22328  0.980693358706
18930  57141  0.929364976652
40550  23213  0.818744700344
47684  76247  0.896330277093
13844  13846  0.957919388253
5614  8847  0.815930233352
12039  71243  0.803314484483
64610  80009  0.813136630142
45795  1416  0.859299827911
13078  16941  0.960121529388
21755  12944  0.975687758101
8529  10690  0.905452653791
66569  20392  0.819988805275
22654  2405  0.866267439105
61032  7512  0.846239736436
46000  19850  0.758650807971
82134  74285  0.905376761944
6808  12021  0.864733972357
53160  3229  0.762762525817
21081  61775  0.847113468247
21081  15433  0.948299688166
7736  14368  0.887296153014
7736  35302  0.7873559402
68325  34655  0.7732740164
68325  68366  0.962036708561
67311  24701  0.860836303547
37986  58100  0.718434905628
3024  10010  0.771202489116
23249  38725  0.723649129602
32721  50287  0.703374759345
84528  73482  0.847065030606
84528  70317  0.854931491124
41520  41519  0.739172817522
41527  35364  0.847080696213
45500  16688  0.857818591816
45500  34521  0.93481276611
64793  28820  0.820782499748
42198  70154  0.932003359991
16970  7876  0.857108705343
16976  19704  0.747662374448
12265  79549  0.771113745209
12265  25536  0.718679741041
12265  9175  0.986506792959
58481  14964  0.765685287981
44562  57735  0.914367026727
62282  34062  0.736778600825
59196  63341  0.786395215988
59196  33471  0.745866880852
36757  6405  0.836434379011
58902  56386  0.817365636399
58907  55944  0.799533021665
58873  82570  0.840354390495
16855  33565  0.704900828696
29425  32068  0.715503630993
29425  19613  0.833278237595
34066  45947  0.830855266542
59357  58019  0.819995864683
27739  83081  0.77237850865
4789  4796  0.910361617088
81838  65300  0.881210246871
80381  28306  0.78722313745
50822  33795  0.743824509022
43292  10721  0.835703818214
82808  416  0.864000942365
48388  52619  0.777652311298
45004  8183  0.857163181597
44994  41444  0.909433703063
50365  23239  0.844076180328
50365  9628  0.844952242013
24256  63588  0.935805239711
79040  80776  0.741400273913
79040  8599  0.767219577969
66496  14224  0.785360461786
27253  70668  0.727344832697
57556  71996  0.790046923869
79840  5744  0.808697051998
2036  71582  0.857722355459
2036  75187  0.780777422508
14162  72164  0.875246019344
14162  23874  1.0
37290  39574  0.82766635469
34928  12658  0.80882918881
15692  24742  0.780739147104
15346  12076  0.954271792604
46778  71589  0.808927217988
46778  77211  0.916837042926
80241  83703  0.706219208946
80241  9107  0.775940667108
81629  22712  0.715908968325
46615  1109  0.933275279273
59092  35354  0.79324530202
84232  15070  0.720493991062
48990  14389  0.735142445524
48830  2611  0.736451723679
22930  13706  0.94742391783
56956  79341  0.707313746551
56956  56872  0.731836879788
61577  52804  0.74244596136
61570  29013  0.912240462188
3973  71495  0.826832322029
18872  8910  0.994357421974
18872  85306  0.783907385465
18290  70787  0.894981958466
76731  57653  0.75164367598
13960  61754  0.894790998779
18123  80138  0.971933666622
13662  21533  0.904998909735
31324  7959  0.704132992132
39116  46523  0.887381904136
54548  46103  0.836798234446
62181  30214  0.813045582779
54090  78592  0.920554783242
77686  80886  0.853567888576
51066  33741  0.804380631011
51060  49299  0.770933766855
63448  85604  0.780086986711
58326  47231  0.879613788235
58322  73897  0.708954809371
12954  67612  0.969037781856
70907  68083  0.72286928709
37763  38051  0.719847110747
40795  9749  0.713650346926
21270  21668  0.991997991598
53190  76436  0.870134772191
67767  67829  0.703050608654
34313  83328  0.781136321551
74738  6404  0.857229054727
36927  27548  0.734045243652
18391  23831  0.749294642753
79344  69152  0.710682558798
47014  33791  0.735567713534
85499  84384  0.924263007113
85499  50319  0.92125600067
47670  34108  0.891842475109
47670  48864  0.779140514255
16735  1350  0.802544186535
35383  1616  0.891631634706
21512  6175  0.734478629742
24353  6890  0.901270278397
4960  81052  0.854020568636
77697  5948  0.707809923669
46366  54682  0.940209688573
12533  24036  0.989543380222
10879  44331  0.79686828914
10878  21818  0.716861209582
10870  50109  0.906804263346
10877  80849  0.853717972181
10876  45255  0.817685269164
1873  64322  0.901684656699
18089  2246  0.990457858095
77512  31391  0.77631681284
10958  10295  0.754649627555
26532  51957  0.709276793492
12634  23746  0.991095232745
81203  81154  0.886045928876
42382  32447  0.81562828067
58125  81676  0.83314539423
83936  15887  0.820794786573
83936  16375  0.849315032794
1240  77833  0.849038597256
9163  6398  0.852437786867
66750  20948  0.921600176272
22063  22064  0.96229451333
75700  50529  0.793417366733
7657  11128  0.757539866478
6961  84561  0.926441567199
58082  1552  0.860441551147
79105  74466  0.909024858459
13041  14371  0.990852808628
13733  20399  0.923482280776
52137  43477  0.920950092403
60006  17285  0.995739451304
11389  41056  0.753426956926
67368  13723  0.906944122809
34156  21795  0.795988321663
65871  11114  0.901299050968
71742  29519  0.705870531684
54237  44343  0.825268150048
60245  60247  0.711138675499
60245  77768  0.86024445469
1553  54015  0.821019212573
19253  20802  0.899593859201
9979  14213  0.927377638
78555  65456  0.955919648305
19755  19756  0.927493426694
19751  13433  0.895662464235
24234  14335  0.917765321863
1716  39153  0.769798626499
40216  43045  0.741759415576
14332  81893  0.924844490687
16208  40762  0.711922899071
922  76781  0.838630565851
68782  6714  0.959723535275
79564  29905  0.765826587595
22357  22352  0.952447439134
39839  45003  0.798014073641
33574  62266  0.84905166047
40588  81347  0.903491543173
14805  18978  0.983589429603
23006  20229  0.973362949525
38828  75120  0.767241312579
4328  2495  0.758166340841
35651  35938  0.890147990665
78559  22400  0.977449061936
78559  24447  0.811762871589
72565  43771  0.747273862434
3940  38419  0.827412395275
55554  39744  0.904698313326
22142  22766  0.812981278229
77428  71077  0.790816894313
14239  13920  0.955469152634
83688  54718  0.824921355492
39649  33506  0.898217596429
18799  15895  0.981852221638
82641  13569  0.862091545351
64743  14026  0.987917865732
20812  68428  0.751583285015
20812  4601  0.777321131536
46913  10081  0.762123326333
10587  30170  0.909107040886
20362  24340  0.992571905369
59277  59296  0.783974877896
23428  24067  0.981981844733
23420  52960  0.837078569371
42657  35465  0.878832519146
47581  18190  0.758098663255
15454  29499  0.821864676229
34211  7965  0.789845383896
67734  69473  0.970527944507
51286  37787  0.853711158606
14132  14130  0.744682302696
9613  24404  0.926503838131
3694  79792  0.719508770723
56607  51592  0.740035316411
85195  70908  0.837013567062
5440  15510  0.866228862648
29979  5478  0.835458792079
9294  43300  0.837949437241
63313  14286  0.841514309709
63313  14125  0.957130463736
54757  52174  0.702924002943
50277  44520  0.921196746216
51580  9674  0.757623609829
23810  62956  0.846999986759
75969  34275  0.895673173471
75969  37390  0.718296373791
70743  52248  0.873778230439
73377  52411  0.786801245496
26703  17888  0.700766805236
15700  36224  0.894981606505
51901  439  0.722474362939
10998  2134  0.832273845558
11012  39576  0.713490414802
82569  41405  0.896917738938
38999  15486  0.928780408771
61876  10526  0.797528331957
81034  1909  0.711587055372
23138  13828  0.996544108153
20189  84125  0.954506370264
66118  75324  0.86088698252
61467  29943  0.89196820573
14554  14824  0.984969422724
72837  8754  0.829934189448
12666  66770  0.755163636773
12663  68292  0.833417931029
54492  75024  0.96572945896
54492  17440  0.877973588055
79380  18546  0.777908611906
15264  18950  0.988400420244
20065  16362  0.854645221239
22570  44219  0.889067140305
52955  56002  0.879470859569
9051  6574  0.742499047053
22899  77811  0.845904230755
68190  39727  0.84860360158
22895  22896  1.0
72760  9023  0.910541228621
23302  81763  0.832365376432
69388  13380  0.909029848682
44021  4247  0.923043289825
79619  85436  0.843965287012
15500  5638  0.777626247396
69866  24368  0.906461792107
3059  79833  0.94518456859
5946  4726  0.732124792985
9216  65757  0.89487885538
10299  5557  0.790377877309
80122  42135  0.706810903694
18466  16114  0.973847594827
79911  70067  0.890358677837
10563  50724  0.866524958014
31645  10037  0.900486513586
5327  30055  0.816997310906
19547  20735  0.991934459979
17392  81153  0.728666824582
80344  8590  0.736988750177
35098  14851  0.99268504114
29439  10064  0.845791506176
47211  80506  0.896885823417
76086  39821  0.884382963822
20737  26549  0.747990231624
70349  56968  0.754163760629
80810  79350  0.941316558347
32461  10853  0.98249659402
66977  65549  0.870332183318
79729  17597  0.923357443595
56101  58921  0.880579692261
57276  22803  0.857116429406
9500  37577  0.923566415861
14747  17473  0.947371586865
34534  48313  0.733248623201
26606  12196  0.802723783358
22879  22880  0.974587421332
22035  14713  0.925946845575
25562  56583  0.761695804855
25569  20906  0.721465240314
36589  36797  0.788173531613
83154  30067  0.853093208109
15584  14465  0.983724826596
31551  51323  0.722426712928
16604  3594  0.870774694752
12050  79668  0.714787079939
55596  3823  0.83651439808
62330  41133  0.733079875492
42200  23466  0.811001202615
51322  18664  0.728327036389
67082  58800  0.764064061187
78562  39618  0.876981146276
59998  36888  0.763407272026
67336  13543  0.810088366781
36285  31367  0.887037262503
20822  66152  0.992125775932
69037  12378  0.964007113526
28445  62904  0.86023765199
35012  33810  0.93056973414
56291  951  0.844474153393
8757  56580  0.763887876642
11084  80580  0.933596380137
76008  22507  0.710141978277
22678  5065  0.808398588131
82866  9017  0.880247845245
84292  27743  0.753453596037
32970  82315  0.76842405767
75482  24561  0.72969801402
58348  64897  0.848816296215
19425  12810  0.859390487617
19425  24758  0.724095984774
19424  6282  0.736219019857
78336  4056  0.708345283388
16463  23585  0.962290645216
65404  13838  0.873264261441
9793  54719  0.934713495058
34667  45201  0.92336867383
51672  10320  0.880016729893
56051  40958  0.934890683238
49893  40075  0.934940286223
33690  41623  0.913789474175
30206  28596  0.756511294244
13940  13384  0.974036518403
59130  27807  0.792843878676
21259  3066  0.702141737852
1813  6544  0.772224161415
12424  14615  0.879306539001
21661  61365  0.782708275857
22720  23572  0.97611346615
77649  39646  0.819699711068
77648  50999  0.873433083875
74595  6088  0.760589474778
74595  1311  0.778394244826
47828  41089  0.853374103339
53171  20151  0.828658706554
1954  77279  0.806573111231
27720  84594  0.911873212992
22526  15777  0.992758577322
26189  82075  0.793535272057
58803  66373  0.763181151887
67424  13884  0.864533735992
43963  52748  0.713974094623
74416  26856  0.721443083127
6644  30859  0.819846327774
15211  55737  0.737873590131
71131  75169  0.814518600803
47759  9025  0.910080717345
10790  67016  0.931170122832
79162  35262  0.715803077123
27687  6262  0.78284710524
27687  53836  0.893789283141
47741  10953  0.776041697977
26220  80576  0.944516620131
77845  59882  0.858676476555
16780  80971  0.900478607758
62637  15786  0.714375062662
63973  76465  0.822037989451
75391  47486  0.744948289598
41468  36661  0.84515600031
41462  75293  0.872134179557
16509  76841  0.940567270724
12612  28356  0.825237354134
55423  7721  0.719881655767
71812  68563  0.745081681452
76406  60495  0.885012852444
60828  81423  0.768684571883
12000  51227  0.857107027351
68185  51154  0.860085777047
12821  12820  0.940684171191
1301  1357  0.878013475233
78633  62261  0.728471278495
18493  18483  0.841087054497
8049  8825  0.768842270624
52682  13885  0.70839937657
12275  14244  0.911431843218
67891  19958  0.704304901959
78937  37727  0.873613463986
64684  78913  0.935696143403
20594  15846  0.711702854707
6907  78590  0.894046104032
4798  69471  0.733718855381
4798  4797  0.705749083115
82299  12325  0.95235199958
60884  6231  0.817562679353
17443  31094  0.968231062873
17443  7619  0.772553414402
48627  35850  0.901474553179
23144  4639  0.700571364664
51350  64139  0.735569821621
16183  53887  0.841639858446
56948  14724  0.838735124428
445  22026  0.805392264058
580  70764  0.736899921324
38254  71117  0.854743875737
13496  3608  0.863007966927
55930  11992  0.919544699011
60104  17903  0.855932584602
23693  47435  0.914851392234
70064  9431  0.921159046977
13729  13030  0.927850081256
59317  57554  0.780777064872
17499  15023  0.979937237166
64837  83206  0.798794377135
19297  7641  0.753061465755
72675  45652  0.794945634526
48478  208  0.888386244428
7316  7318  0.946530052214
81058  73994  0.780583026818
61444  58864  0.794976728086
3840  80068  0.849301568484
3840  719  0.810024860561
81182  23863  0.91458402617
33764  45329  0.852582232888
65134  13002  0.858552008829
41648  28413  0.769109325661
27639  36672  0.884334118306
44937  2490  0.746300446652
74490  12279  0.870910550279
11283  67866  0.955108577793
16507  9706  0.880152966814
693  21359  0.910631190668
83453  21349  0.837335237111
8686  79237  0.820138288348
45325  45594  0.851865693646
50776  50775  0.743872487319
14324  14323  1.0
22838  44570  0.838809533788
23906  19361  0.982084632141
76199  77271  0.757779924562
75798  13083  0.930779033285
64314  2375  0.750273453058
20147  1375  0.846233728981
45282  42051  0.799969481877
59765  74632  0.785262348588
22610  58801  0.768594251886
4306  75851  0.814980467266
4306  13622  0.945494423162
14033  14518  0.889997677899
37044  44617  0.75021740471
29064  29065  0.761643732675
80090  52663  0.759107359209
13179  49363  0.848290111097
17783  18515  0.949943188397
44052  78918  0.800575055275
40283  40284  0.778857160448
24216  24214  0.701366937744
14120  36394  0.762790916102
60757  60759  0.883689491186
39729  12707  0.706267556113
35307  37386  0.941289445446
43258  79768  0.929974823107
17510  79381  0.858956660548
51327  56301  0.78126010732
34606  24721  0.906393474227
53623  52032  0.888112141951
80111  55599  0.717887428632
63641  25584  0.916255480167
80116  33649  0.846600086122
56188  20800  0.857018096677
41677  16055  0.914149535859
22948  4571  0.747900119361
18529  20903  0.715710727177
67472  57852  0.861853495115
58501  14232  0.828029697408
20747  12025  0.973355316717
6203  29601  0.79906754357
81767  75162  0.734449188379
58200  44459  0.736677553629
58200  43478  0.734907530906
67285  23666  0.753678794947
72539  20983  0.702059213216
25342  17751  0.753254336463
74363  64842  0.824333906019
50819  48419  0.936628077819
72793  21822  0.835642330956
10947  69453  0.774317041029
81284  35692  0.815236352776
38177  25539  0.871663336052
38521  28458  0.892099147281
84329  3306  0.920908112562
14590  23129  0.99249695668
